NumberOfMeshes: 1
MeshName: polySurfaceShape1
NumberOfVertices: 182
-0.0164923 1.79957 -1.10093
-1.10596 1.79957 0.608686
-0.0164926 1.30534 1.23414
1.01982 1.79957 0.608686
-0.0164922 2.98641 -1.80908
-1.8141 2.98641 0.608686
-0.0164927 2.49219 2.7003
1.72796 2.98641 0.608686
-0.0164923 4.17326 -1.10093
-1.10596 4.17326 0.608686
-0.0164926 3.67903 1.23414
1.01982 4.17326 0.608686
-0.0164926 1.35773 0.608686
-0.0164926 4.88141 0.608686
0.00608043 1.12941 -7.20782
-1.70354 1.2768 -4.53513
0.00608013 1.66001 -2.43244
1.7157 1.2768 -4.50705
0.00608052 1.9547 -8.32865
-2.41168 2.60321 -4.53513
0.0060801 2.98641 -1.72429
2.42384 2.60321 -4.50705
0.00608043 3.4285 -7.62051
-1.70354 4.31282 -4.53513
0.00608013 4.69603 -2.43244
1.7157 4.31282 -4.50705
0.0060802 0.568651 -4.14205
0.0060802 5.02097 -4.14205
1.03126 2.45845 -4.33171
-1.01151 2.45845 -4.33195
-0.00463196 2.45845 -0.378267
1.03126 3.39501 -4.33171
-1.01151 3.39501 -4.33195
-0.00463196 3.39501 -0.378267
0.0180669 1.87963 -1.68825
0.0180669 4.01806 -1.68825
-0.00389348 1.47975 1.89219
-0.8419 1.47975 3.67093
-0.00389363 1.47975 3.5682
0.834113 1.47975 3.67995
-0.00389344 2.31775 1.54507
-1.18901 2.31775 2.1979
-0.00389365 2.31775 4.09549
1.18123 2.31775 2.17227
-0.00389348 3.15576 1.89219
-0.8419 3.15576 3.67093
-0.00389363 3.15576 3.5682
0.834113 3.15576 3.67995
-0.00389359 1.13263 2.73019
-0.00389359 3.50287 2.73019
-2.23827 -0.0251274 1.49979
-2.73479 -0.032078 2.20774
-2.23827 -0.0251274 1.8831
-2.01258 -0.0181746 1.69145
-2.23838 0.977656 1.49979
-2.49149 0.979476 1.69145
-2.23838 0.977656 1.8831
-2.01339 0.982866 1.69145
-2.24051 1.40654 1.49979
-2.49362 1.40836 1.69145
-2.24051 1.40654 1.8831
-2.00849 1.40472 1.69145
-1.49736 1.93386 1.09576
-1.49736 2.12551 1.28742
-1.49736 1.93386 1.47907
-1.49736 1.7422 1.28742
-0.501102 2.97177 1.09576
-0.501102 3.16342 1.28742
-0.501102 2.97177 1.47907
-0.501102 2.78011 1.28742
-2.23827 -0.0251274 1.69145
-0.501102 2.97177 1.28742
-2.73764 -0.0163922 0.0392451
-3.41014 -0.0115423 0.2309
-2.73764 -0.0163922 0.422555
-2.49853 -0.00629759 0.2309
-2.74266 0.99236 0.0392451
-2.9743 0.989736 0.2309
-2.74266 0.99236 0.422555
-2.49607 0.98751 0.2309
-2.74768 1.39586 0.0392451
-2.99426 1.40818 0.2309
-2.74768 1.39586 0.422555
-2.49362 1.39848 0.2309
-1.49736 1.93386 0.0392451
-1.49736 2.12551 0.2309
-1.49736 1.93386 0.422555
-1.49736 1.7422 0.2309
-0.501102 2.97177 0.0392451
-0.501102 3.16342 0.2309
-0.501102 2.97177 0.422555
-0.501102 2.78011 0.2309
-2.73764 -0.0163922 0.2309
-0.501102 2.97177 0.2309
-2.49583 0.000998974 -1.51349
-2.9968 -0.00559258 -1.66111
-2.49583 0.000998974 -1.13018
-2.01538 -0.00971842 -1.32183
-2.2435 1.00285 -1.51349
-2.49291 0.99259 -1.32183
-2.2435 1.00285 -1.13018
-2.01335 0.994195 -1.32183
-2.23763 1.40646 -1.51349
-2.49362 1.39643 -1.32183
-2.23763 1.40646 -1.13018
-2.01266 1.40099 -1.32183
-1.49736 1.93386 -0.88724
-1.49736 2.12551 -0.695585
-1.49736 1.93386 -0.50393
-1.49736 1.7422 -0.695585
-0.501102 2.95984 -0.88724
-0.501102 3.15149 -0.695585
-0.501102 2.95984 -0.50393
-0.501102 2.76818 -0.695585
-2.49583 0.000998974 -1.32183
-0.501102 2.95984 -0.695585
2.14838 -0.0251274 1.49979
2.6449 -0.032078 2.20774
2.14838 -0.0251274 1.8831
1.92269 -0.0181746 1.69145
2.14849 0.977656 1.49979
2.4016 0.979476 1.69145
2.14849 0.977656 1.8831
1.9235 0.982866 1.69145
2.15062 1.40654 1.49979
2.40373 1.40836 1.69145
2.15062 1.40654 1.8831
1.9186 1.40472 1.69145
1.40747 1.93386 1.09576
1.40747 2.12551 1.28742
1.40747 1.93386 1.47907
1.40747 1.7422 1.28742
0.411214 2.97177 1.09576
0.411214 3.16342 1.28742
0.411214 2.97177 1.47907
0.411214 2.78011 1.28742
2.14838 -0.0251274 1.69145
0.411214 2.97177 1.28742
2.633 -0.0163922 0.0392451
3.3055 -0.0115423 0.2309
2.633 -0.0163922 0.422555
2.39389 -0.00629759 0.2309
2.63802 0.99236 0.0392451
2.86966 0.989736 0.2309
2.63802 0.99236 0.422555
2.39143 0.98751 0.2309
2.64304 1.39586 0.0392451
2.88962 1.40818 0.2309
2.64304 1.39586 0.422555
2.38898 1.39848 0.2309
1.39272 1.93386 0.0392451
1.39272 2.12551 0.2309
1.39272 1.93386 0.422555
1.39272 1.7422 0.2309
0.396463 2.97177 0.0392451
0.396463 3.16342 0.2309
0.396463 2.97177 0.422555
0.396463 2.78011 0.2309
2.633 -0.0163922 0.2309
0.396463 2.97177 0.2309
2.39119 0.000998974 -1.51349
2.89217 -0.00559258 -1.66111
2.39119 0.000998974 -1.13018
1.91074 -0.00971842 -1.32183
2.13886 1.00285 -1.51349
2.38827 0.99259 -1.32183
2.13886 1.00285 -1.13018
1.90871 0.994195 -1.32183
2.13299 1.40646 -1.51349
2.38898 1.39643 -1.32183
2.13299 1.40646 -1.13018
1.90802 1.40099 -1.32183
1.39272 1.93386 -0.88724
1.39272 2.12551 -0.695585
1.39272 1.93386 -0.50393
1.39272 1.7422 -0.695585
0.396463 2.95984 -0.88724
0.396463 3.15149 -0.695585
0.396463 2.95984 -0.50393
0.396463 2.76818 -0.695585
2.39119 0.000998974 -1.32183
0.396463 2.95984 -0.695585

NumberOfPolygons: 324
VertexIndicies: 1 5 0
Normal: -0.753329 -0.449482 -0.480064
Tangent: -0.537412 -6.60779e-008 0.84332
UV1: 0.25 0.25 
UV2: 0.25 0.5 
UV3: 0 0.25
MaterialIndex: -1

VertexIndicies: 0 5 4
Normal: -0.756543 -0.393406 -0.522374
Tangent: -0.568067 -0.000346563 0.822982
UV1: 0 0.25 
UV2: 0.25 0.5 
UV3: 0 0.5
MaterialIndex: -1

VertexIndicies: 2 6 1
Normal: -0.58098 -0.632623 0.512104
Tangent: 0.807036 -0.366106 0.463313
UV1: 0.5 0.25 
UV2: 0.5 0.5 
UV3: 0.25 0.25
MaterialIndex: -1

VertexIndicies: 1 6 5
Normal: -0.660995 -0.538485 0.522609
Tangent: 0.726657 -0.285559 0.624841
UV1: 0.25 0.25 
UV2: 0.5 0.5 
UV3: 0.25 0.5
MaterialIndex: -1

VertexIndicies: 2 3 6
Normal: 0.600215 -0.62168 0.503246
Tangent: 0.792627 0.378013 -0.478381
UV1: 0.5 0.25 
UV2: 0.75 0.25 
UV3: 0.5 0.5
MaterialIndex: -1

VertexIndicies: 6 3 7
Normal: 0.673469 -0.534474 0.510663
Tangent: 0.714115 0.291914 -0.636259
UV1: 0.5 0.5 
UV2: 0.75 0.25 
UV3: 0.75 0.5
MaterialIndex: -1

VertexIndicies: 3 0 7
Normal: 0.761731 -0.454496 -0.461734
Tangent: -0.518367 4.06517e-008 -0.855158
UV1: 0.75 0.25 
UV2: 1 0.25 
UV3: 0.75 0.5
MaterialIndex: -1

VertexIndicies: 7 0 4
Normal: 0.765968 -0.393224 -0.508593
Tangent: -0.553004 0.00042182 -0.833179
UV1: 0.75 0.5 
UV2: 1 0.25 
UV3: 1 0.5
MaterialIndex: -1

VertexIndicies: 4 5 8
Normal: -0.756017 0.335383 -0.5621
Tangent: -0.596657 -3.98109e-008 0.802496
UV1: 0 0.5 
UV2: 0.25 0.5 
UV3: 0 0.75
MaterialIndex: -1

VertexIndicies: 8 5 9
Normal: -0.756543 0.393406 -0.522374
Tangent: -0.568067 0.000346516 0.822982
UV1: 0 0.75 
UV2: 0.25 0.5 
UV3: 0.25 0.75
MaterialIndex: -1

VertexIndicies: 6 10 5
Normal: -0.460229 0.690049 0.558589
Tangent: 0.641574 -0.176392 0.746505
UV1: 0.5 0.5 
UV2: 0.5 0.75 
UV3: 0.25 0.5
MaterialIndex: -1

VertexIndicies: 5 10 9
Normal: -0.447979 0.483683 0.751908
Tangent: 0.737282 -0.275841 0.616706
UV1: 0.25 0.5 
UV2: 0.5 0.75 
UV3: 0.25 0.75
MaterialIndex: -1

VertexIndicies: 6 7 10
Normal: 0.471176 0.685571 0.554965
Tangent: 0.630205 0.178545 -0.755621
UV1: 0.5 0.5 
UV2: 0.75 0.5 
UV3: 0.5 0.75
MaterialIndex: -1

VertexIndicies: 10 7 11
Normal: 0.459277 0.484309 0.744654
Tangent: 0.723524 0.282381 -0.6299
UV1: 0.5 0.75 
UV2: 0.75 0.5 
UV3: 0.75 0.75
MaterialIndex: -1

VertexIndicies: 4 8 7
Normal: 0.765634 0.329606 -0.552417
Tangent: -0.585114 -6.58955e-008 -0.810951
UV1: 1 0.5 
UV2: 1 0.75 
UV3: 0.75 0.5
MaterialIndex: -1

VertexIndicies: 7 8 11
Normal: 0.765968 0.393224 -0.508593
Tangent: -0.553004 -0.000421882 -0.833179
UV1: 0.75 0.5 
UV2: 1 0.75 
UV3: 0.75 0.75
MaterialIndex: -1

VertexIndicies: 1 0 12
Normal: -0.365489 -0.901205 -0.23291
Tangent: -0.537411 1.32485e-008 0.84332
UV1: 0.25 0.25 
UV2: 0 0.25 
UV3: 0.125 0
MaterialIndex: -1

VertexIndicies: 2 1 12
Normal: -0.374698 -0.923912 -0.0773884
Tangent: 0.807036 -0.366106 0.463313
UV1: 0.5 0.25 
UV2: 0.25 0.25 
UV3: 0.375 0
MaterialIndex: -1

VertexIndicies: 3 2 12
Normal: 0.39104 -0.917162 -0.0768234
Tangent: 0.792627 0.378013 -0.478382
UV1: 0.75 0.25 
UV2: 0.5 0.25 
UV3: 0.625 0
MaterialIndex: -1

VertexIndicies: 0 3 12
Normal: 0.381564 -0.894938 -0.23129
Tangent: -0.518366 -1.33411e-008 -0.855159
UV1: 1 0.25 
UV2: 0.75 0.25 
UV3: 0.875 0
MaterialIndex: -1

VertexIndicies: 8 9 13
Normal: -0.514822 0.79204 -0.328073
Tangent: -0.537411 -3.26023e-007 0.84332
UV1: 0 0.75 
UV2: 0.25 0.75 
UV3: 0.125 1
MaterialIndex: -1

VertexIndicies: 9 10 13
Normal: -0.287312 0.442023 0.849745
Tangent: 0.807036 -0.366106 0.463314
UV1: 0.25 0.75 
UV2: 0.5 0.75 
UV3: 0.375 1
MaterialIndex: -1

VertexIndicies: 10 11 13
Normal: 0.300746 0.440115 0.846079
Tangent: 0.792627 0.378013 -0.478381
UV1: 0.5 0.75 
UV2: 0.75 0.75 
UV3: 0.625 1
MaterialIndex: -1

VertexIndicies: 11 8 13
Normal: 0.533836 0.781221 -0.323592
Tangent: -0.518366 4.65835e-008 -0.855159
UV1: 0.75 0.75 
UV2: 1 0.75 
UV3: 0.875 1
MaterialIndex: -1

VertexIndicies: 15 19 14
Normal: -0.776759 -0.414698 -0.473994
Tangent: -0.53827 0.0464046 0.841493
UV1: 0.25 0.25 
UV2: 0.25 0.5 
UV3: 0 0.25
MaterialIndex: -1

VertexIndicies: 14 19 18
Normal: -0.767154 -0.47326 -0.433012
Tangent: -0.533537 0.0960157 0.840309
UV1: 0 0.25 
UV2: 0.25 0.5 
UV3: 0 0.5
MaterialIndex: -1

VertexIndicies: 15 16 19
Normal: -0.687812 -0.36721 0.626156
Tangent: 0.624641 0.140012 0.768258
UV1: 0.25 0.25 
UV2: 0.5 0.25 
UV3: 0.25 0.5
MaterialIndex: -1

VertexIndicies: 19 16 20
Normal: -0.688529 -0.354289 0.632777
Tangent: 0.637022 0.121548 0.761202
UV1: 0.25 0.5 
UV2: 0.5 0.25 
UV3: 0.5 0.5
MaterialIndex: -1

VertexIndicies: 17 21 16
Normal: 0.684167 -0.365265 0.631267
Tangent: 0.629589 -0.141121 -0.764004
UV1: 0.75 0.25 
UV2: 0.75 0.5 
UV3: 0.5 0.25
MaterialIndex: -1

VertexIndicies: 16 21 20
Normal: 0.684723 -0.354181 0.636954
Tangent: 0.641312 -0.12238 -0.757458
UV1: 0.5 0.25 
UV2: 0.75 0.5 
UV3: 0.5 0.5
MaterialIndex: -1

VertexIndicies: 17 14 21
Normal: 0.778571 -0.415665 -0.47016
Tangent: -0.53429 -0.0460617 -0.844045
UV1: 0.75 0.25 
UV2: 1 0.25 
UV3: 0.75 0.5
MaterialIndex: -1

VertexIndicies: 21 14 18
Normal: 0.768936 -0.472779 -0.430368
Tangent: -0.530212 -0.0954463 -0.842475
UV1: 0.75 0.5 
UV2: 1 0.25 
UV3: 1 0.5
MaterialIndex: -1

VertexIndicies: 18 19 22
Normal: -0.792187 0.264306 -0.550075
Tangent: -0.531962 0.142685 0.83466
UV1: 0 0.5 
UV2: 0.25 0.5 
UV3: 0 0.75
MaterialIndex: -1

VertexIndicies: 22 19 23
Normal: -0.788832 0.294814 -0.539286
Tangent: -0.503287 0.193782 0.842111
UV1: 0 0.75 
UV2: 0.25 0.5 
UV3: 0.25 0.75
MaterialIndex: -1

VertexIndicies: 19 20 23
Normal: -0.741762 0.307248 0.596144
Tangent: 0.648652 0.102809 0.754109
UV1: 0.25 0.5 
UV2: 0.5 0.5 
UV3: 0.25 0.75
MaterialIndex: -1

VertexIndicies: 23 20 24
Normal: -0.75835 0.274982 0.591008
Tangent: 0.63716 0.12132 0.761123
UV1: 0.25 0.75 
UV2: 0.5 0.5 
UV3: 0.5 0.75
MaterialIndex: -1

VertexIndicies: 21 25 20
Normal: 0.739103 0.306147 0.600001
Tangent: 0.65235 -0.103395 -0.750832
UV1: 0.75 0.5 
UV2: 0.75 0.75 
UV3: 0.5 0.5
MaterialIndex: -1

VertexIndicies: 20 25 24
Normal: 0.755027 0.275321 0.595091
Tangent: 0.641474 -0.122169 -0.757354
UV1: 0.5 0.5 
UV2: 0.75 0.75 
UV3: 0.5 0.75
MaterialIndex: -1

VertexIndicies: 18 22 21
Normal: 0.794548 0.262974 -0.547301
Tangent: -0.52923 -0.141953 -0.83652
UV1: 1 0.5 
UV2: 1 0.75 
UV3: 0.75 0.5
MaterialIndex: -1

VertexIndicies: 21 22 25
Normal: 0.791029 0.294567 -0.536194
Tangent: -0.500421 -0.192633 -0.84408
UV1: 0.75 0.5 
UV2: 1 0.75 
UV3: 0.75 0.75
MaterialIndex: -1

VertexIndicies: 15 14 26
Normal: -0.343774 -0.923728 -0.168959
Tangent: -0.53827 0.0464048 0.841494
UV1: 0.25 0.25 
UV2: 0 0.25 
UV3: 0.125 0
MaterialIndex: -1

VertexIndicies: 16 15 26
Normal: -0.427473 -0.762003 0.486434
Tangent: 0.624641 0.140012 0.768258
UV1: 0.5 0.25 
UV2: 0.25 0.25 
UV3: 0.375 0
MaterialIndex: -1

VertexIndicies: 17 16 26
Normal: 0.420911 -0.764594 0.488088
Tangent: 0.629589 -0.141121 -0.764004
UV1: 0.75 0.25 
UV2: 0.5 0.25 
UV3: 0.625 0
MaterialIndex: -1

VertexIndicies: 14 17 26
Normal: 0.346217 -0.922844 -0.168797
Tangent: -0.53429 -0.0460616 -0.844045
UV1: 1 0.25 
UV2: 0.75 0.25 
UV3: 0.875 0
MaterialIndex: -1

VertexIndicies: 22 23 27
Normal: -0.270446 0.875362 -0.40075
Tangent: -0.470123 0.243178 0.848439
UV1: 0 0.75 
UV2: 0.25 0.75 
UV3: 0.125 1
MaterialIndex: -1

VertexIndicies: 23 24 27
Normal: -0.410259 0.89593 0.170285
Tangent: 0.624641 0.140012 0.768258
UV1: 0.25 0.75 
UV2: 0.5 0.75 
UV3: 0.375 1
MaterialIndex: -1

VertexIndicies: 24 25 27
Normal: 0.407929 0.896956 0.170481
Tangent: 0.629589 -0.141121 -0.764004
UV1: 0.5 0.75 
UV2: 0.75 0.75 
UV3: 0.625 1
MaterialIndex: -1

VertexIndicies: 25 22 27
Normal: 0.27653 0.873789 -0.40003
Tangent: -0.467059 -0.241593 -0.850581
UV1: 0.75 0.75 
UV2: 1 0.75 
UV3: 0.875 1
MaterialIndex: -1

VertexIndicies: 28 29 31
Normal: 0.000115148 0 -1
Tangent: -1 0 -0.000115148
UV1: 0 0.333333 
UV2: 0.333333 0.333333 
UV3: 0 0.666667
MaterialIndex: -1

VertexIndicies: 31 29 32
Normal: 0.000114899 0 -1
Tangent: -1 0 -0.000114899
UV1: 0 0.666667 
UV2: 0.333333 0.333333 
UV3: 0.333333 0.666667
MaterialIndex: -1

VertexIndicies: 29 30 32
Normal: -0.969069 0 0.24679
Tangent: 0.24679 0 0.969069
UV1: 0.333333 0.333333 
UV2: 0.666667 0.333333 
UV3: 0.333333 0.666667
MaterialIndex: 2

VertexIndicies: 32 30 33
Normal: -0.969069 0 0.24679
Tangent: 0.246791 0 0.969069
UV1: 0.333333 0.666667 
UV2: 0.666667 0.333333 
UV3: 0.666667 0.666667
MaterialIndex: 2

VertexIndicies: 30 28 33
Normal: 0.967344 0 0.253466
Tangent: 0.253466 0 -0.967344
UV1: 0.666667 0.333333 
UV2: 1 0.333333 
UV3: 0.666667 0.666667
MaterialIndex: 2

VertexIndicies: 33 28 31
Normal: 0.967344 0 0.253466
Tangent: 0.253466 0 -0.967344
UV1: 0.666667 0.666667 
UV2: 1 0.333333 
UV3: 1 0.666667
MaterialIndex: 2

VertexIndicies: 29 28 34
Normal: 2.454e-005 -0.976858 -0.213886
Tangent: -1 7.22786e-008 -0.000115064
UV1: 0.333333 0.333333 
UV2: 0 0.333333 
UV3: 0.166667 0
MaterialIndex: 2

VertexIndicies: 30 29 34
Normal: -0.832237 -0.512309 0.211944
Tangent: 0.24679 -3.99176e-008 0.969069
UV1: 0.666667 0.333333 
UV2: 0.333333 0.333333 
UV3: 0.5 0
MaterialIndex: 2

VertexIndicies: 28 30 34
Normal: 0.852696 -0.472218 0.223426
Tangent: 0.253466 9.18263e-009 -0.967344
UV1: 1 0.333333 
UV2: 0.666667 0.333333 
UV3: 0.833333 0
MaterialIndex: 2

VertexIndicies: 31 32 35
Normal: 2.63422e-005 0.973332 -0.229402
Tangent: -1 -5.57651e-008 -0.000115067
UV1: 0 0.666667 
UV2: 0.333333 0.666667 
UV3: 0.166667 1
MaterialIndex: 2

VertexIndicies: 32 33 35
Normal: -0.847611 0.484727 0.215859
Tangent: 0.24679 8.4979e-008 0.969069
UV1: 0.333333 0.666667 
UV2: 0.666667 0.666667 
UV3: 0.5 1
MaterialIndex: 2

VertexIndicies: 33 31 35
Normal: 0.866023 0.445547 0.226918
Tangent: 0.253466 1.7328e-008 -0.967344
UV1: 0.666667 0.666667 
UV2: 1 0.666667 
UV3: 0.833333 1
MaterialIndex: 2

VertexIndicies: 37 41 36
Normal: -0.601345 -0.747075 -0.283307
Tangent: -0.426193 -6.79398e-008 0.904632
UV1: 0.25 0.25 
UV2: 0.25 0.5 
UV3: 0 0.25
MaterialIndex: -1

VertexIndicies: 36 41 40
Normal: -0.562139 -0.579842 -0.589731
Tangent: -0.709644 -0.028032 0.704003
UV1: 0 0.25 
UV2: 0.25 0.5 
UV3: 0 0.5
MaterialIndex: -1

VertexIndicies: 38 42 37
Normal: 0.103205 -0.52972 0.84187
Tangent: 0.992569 -1.21541e-007 -0.121679
UV1: 0.5 0.25 
UV2: 0.5 0.5 
UV3: 0.25 0.25
MaterialIndex: -1

VertexIndicies: 37 42 41
Normal: -0.436295 -0.0194636 0.899593
Tangent: 0.899765 -0.000172246 0.436375
UV1: 0.25 0.25 
UV2: 0.5 0.5 
UV3: 0.25 0.5
MaterialIndex: -1

VertexIndicies: 38 39 42
Normal: -0.112159 -0.529203 0.841049
Tangent: 0.991225 1.35249e-007 0.132186
UV1: 0.5 0.25 
UV2: 0.75 0.25 
UV3: 0.5 0.5
MaterialIndex: -1

VertexIndicies: 42 39 43
Normal: 0.432812 -0.0141437 0.901373
Tangent: 0.901464 9.39665e-005 -0.432854
UV1: 0.5 0.5 
UV2: 0.75 0.25 
UV3: 0.75 0.5
MaterialIndex: -1

VertexIndicies: 39 36 43
Normal: 0.597492 -0.751375 -0.280071
Tangent: -0.42443 0 -0.905461
UV1: 0.75 0.25 
UV2: 1 0.25 
UV3: 0.75 0.5
MaterialIndex: -1

VertexIndicies: 43 36 40
Normal: 0.553651 -0.584853 -0.592804
Tangent: -0.715743 0.0296619 -0.697734
UV1: 0.75 0.5 
UV2: 1 0.25 
UV3: 1 0.5
MaterialIndex: -1

VertexIndicies: 40 41 44
Normal: -0.453565 0.341056 -0.823383
Tangent: -0.875899 6.00977e-008 0.482494
UV1: 0 0.5 
UV2: 0.25 0.5 
UV3: 0 0.75
MaterialIndex: -1

VertexIndicies: 44 41 45
Normal: -0.562139 0.579842 -0.589731
Tangent: -0.709644 0.028032 0.704003
UV1: 0 0.75 
UV2: 0.25 0.5 
UV3: 0.25 0.75
MaterialIndex: -1

VertexIndicies: 41 42 45
Normal: -0.733759 -0.501591 0.458263
Tangent: 0.529719 -4.00898e-008 0.848173
UV1: 0.25 0.5 
UV2: 0.5 0.5 
UV3: 0.25 0.75
MaterialIndex: -1

VertexIndicies: 45 42 46
Normal: -0.436295 0.0194632 0.899593
Tangent: 0.899765 0.000172241 0.436375
UV1: 0.25 0.75 
UV2: 0.5 0.5 
UV3: 0.5 0.75
MaterialIndex: -1

VertexIndicies: 43 47 42
Normal: 0.732847 -0.50892 0.451592
Tangent: 0.524611 -5.37112e-008 -0.851342
UV1: 0.75 0.5 
UV2: 0.75 0.75 
UV3: 0.5 0.5
MaterialIndex: -1

VertexIndicies: 42 47 46
Normal: 0.432812 0.014144 0.901373
Tangent: 0.901464 -9.39665e-005 -0.432854
UV1: 0.5 0.5 
UV2: 0.75 0.75 
UV3: 0.5 0.75
MaterialIndex: -1

VertexIndicies: 40 44 43
Normal: 0.439247 0.34379 -0.829982
Tangent: -0.883857 1.06977e-007 -0.467758
UV1: 1 0.5 
UV2: 1 0.75 
UV3: 0.75 0.5
MaterialIndex: -1

VertexIndicies: 43 44 47
Normal: 0.553651 0.584853 -0.592804
Tangent: -0.715743 -0.0296618 -0.697734
UV1: 0.75 0.5 
UV2: 1 0.75 
UV3: 0.75 0.75
MaterialIndex: -1

VertexIndicies: 37 36 48
Normal: -0.63049 -0.717113 -0.297038
Tangent: -0.426193 -4.34767e-008 0.904632
UV1: 0.25 0.25 
UV2: 0 0.25 
UV3: 0.125 0
MaterialIndex: -1

VertexIndicies: 38 37 48
Normal: 0.0468618 -0.922865 0.382263
Tangent: 0.992569 -4.47924e-008 -0.12168
UV1: 0.5 0.25 
UV2: 0.25 0.25 
UV3: 0.375 0
MaterialIndex: -1

VertexIndicies: 39 38 48
Normal: -0.0509673 -0.922679 0.382186
Tangent: 0.991225 -1.17905e-007 0.132187
UV1: 0.75 0.25 
UV2: 0.5 0.25 
UV3: 0.625 0
MaterialIndex: -1

VertexIndicies: 36 39 48
Normal: 0.632411 -0.715668 -0.296439
Tangent: -0.42443 -6.48144e-008 -0.905461
UV1: 1 0.25 
UV2: 0.75 0.25 
UV3: 0.875 0
MaterialIndex: -1

VertexIndicies: 44 45 49
Normal: -0.63049 0.717113 -0.297038
Tangent: -0.426193 1.3043e-007 0.904632
UV1: 0 0.75 
UV2: 0.25 0.75 
UV3: 0.125 1
MaterialIndex: -1

VertexIndicies: 45 46 49
Normal: 0.0468618 0.922865 0.382263
Tangent: 0.992569 3.25763e-008 -0.12168
UV1: 0.25 0.75 
UV2: 0.5 0.75 
UV3: 0.375 1
MaterialIndex: -1

VertexIndicies: 46 47 49
Normal: -0.0509675 0.922678 0.382187
Tangent: 0.991225 2.9273e-007 0.132187
UV1: 0.5 0.75 
UV2: 0.75 0.75 
UV3: 0.625 1
MaterialIndex: -1

VertexIndicies: 47 44 49
Normal: 0.632411 0.715668 -0.296439
Tangent: -0.42443 1.08024e-007 -0.905461
UV1: 0.75 0.75 
UV2: 1 0.75 
UV3: 0.875 1
MaterialIndex: -1

VertexIndicies: 51 55 50
Normal: -0.814477 -0.0961373 -0.572175
Tangent: -0.574184 -0.00803789 0.818687
UV1: 0.4375 0.3125 
UV2: 0.4375 0.406485 
UV3: 0.375 0.3125
MaterialIndex: 2

VertexIndicies: 50 55 54
Normal: -0.718501 -0.0487397 -0.693816
Tangent: -0.694599 -0.00120209 0.719396
UV1: 0.375 0.3125 
UV2: 0.4375 0.406485 
UV3: 0.375 0.406485
MaterialIndex: 2

VertexIndicies: 51 52 55
Normal: 0.521757 0.284918 0.804109
Tangent: 0.83692 0.0117159 -0.547199
UV1: 0.4375 0.3125 
UV2: 0.5 0.3125 
UV3: 0.4375 0.406485
MaterialIndex: 2

VertexIndicies: 55 52 56
Normal: -0.372904 0.0806567 0.924358
Tangent: 0.927692 0.0129181 0.373122
UV1: 0.4375 0.406485 
UV2: 0.5 0.3125 
UV3: 0.5 0.406485
MaterialIndex: 2

VertexIndicies: 52 53 56
Normal: 0.647293 6.7251e-005 0.762242
Tangent: 0.76203 0.0234757 -0.647115
UV1: 0.5 0.3125 
UV2: 0.5625 0.3125 
UV3: 0.5 0.406485
MaterialIndex: 2

VertexIndicies: 56 53 57
Normal: 0.648055 0.00127021 0.761592
Tangent: 0.761431 0.0195764 -0.647951
UV1: 0.5 0.406485 
UV2: 0.5625 0.3125 
UV3: 0.5625 0.406485
MaterialIndex: 2

VertexIndicies: 50 54 53
Normal: 0.647293 6.7251e-005 -0.762241
Tangent: -0.76203 -0.0234757 -0.647115
UV1: 0.625 0.3125 
UV2: 0.625 0.406485 
UV3: 0.5625 0.3125
MaterialIndex: 2

VertexIndicies: 53 54 57
Normal: 0.647874 0.000294214 -0.761747
Tangent: -0.761582 -0.0205512 -0.647742
UV1: 0.5625 0.3125 
UV2: 0.625 0.406485 
UV3: 0.5625 0.406485
MaterialIndex: 2

VertexIndicies: 54 55 58
Normal: -0.603667 -0.00153142 -0.797235
Tangent: -0.797228 0.00573264 0.603651
UV1: 0.375 0.406485 
UV2: 0.4375 0.406485 
UV3: 0.375 0.50047
MaterialIndex: 2

VertexIndicies: 58 55 59
Normal: -0.629542 0.2287 -0.742545
Tangent: -0.706101 0.23036 0.669594
UV1: 0.375 0.50047 
UV2: 0.4375 0.406485 
UV3: 0.4375 0.50047
MaterialIndex: 2

VertexIndicies: 56 60 55
Normal: -0.603667 -0.00153142 0.797235
Tangent: 0.797228 -0.00573269 0.603651
UV1: 0.5 0.406485 
UV2: 0.5 0.50047 
UV3: 0.4375 0.406485
MaterialIndex: 2

VertexIndicies: 55 60 59
Normal: -0.372904 0.0806567 0.924358
Tangent: 0.927692 0.0129181 0.373122
UV1: 0.4375 0.406485 
UV2: 0.5 0.50047 
UV3: 0.4375 0.50047
MaterialIndex: 2

VertexIndicies: 56 57 60
Normal: 0.648055 0.00127021 0.761592
Tangent: 0.761431 0.0195764 -0.647951
UV1: 0.5 0.406485 
UV2: 0.5625 0.406485 
UV3: 0.5 0.50047
MaterialIndex: 2

VertexIndicies: 60 57 61
Normal: 0.637151 -0.0992604 0.76432
Tangent: 0.768226 0.00177056 -0.640177
UV1: 0.5 0.50047 
UV2: 0.5625 0.406485 
UV3: 0.5625 0.50047
MaterialIndex: 2

VertexIndicies: 54 58 57
Normal: 0.648055 0.00127021 -0.761592
Tangent: -0.761431 -0.0195764 -0.647951
UV1: 0.625 0.406485 
UV2: 0.625 0.50047 
UV3: 0.5625 0.406485
MaterialIndex: 2

VertexIndicies: 57 58 61
Normal: 0.644581 -0.00121772 -0.764535
Tangent: -0.764507 -0.0097354 -0.644542
UV1: 0.5625 0.406485 
UV2: 0.625 0.50047 
UV3: 0.5625 0.50047
MaterialIndex: 2

VertexIndicies: 59 63 58
Normal: -0.592774 0.181781 -0.784586
Tangent: -0.797227 0.00573349 0.603653
UV1: 0.4375 0.50047 
UV2: 0.4375 0.594455 
UV3: 0.375 0.50047
MaterialIndex: 2

VertexIndicies: 58 63 62
Normal: -0.629542 0.2287 -0.742545
Tangent: -0.706101 0.23036 0.669594
UV1: 0.375 0.50047 
UV2: 0.4375 0.594455 
UV3: 0.375 0.594455
MaterialIndex: 2

VertexIndicies: 60 64 59
Normal: -0.573737 0.303816 0.760606
Tangent: 0.797227 -0.00573342 0.603652
UV1: 0.5 0.50047 
UV2: 0.5 0.594455 
UV3: 0.4375 0.50047
MaterialIndex: 2

VertexIndicies: 59 64 63
Normal: -0.425988 0.555766 0.713904
Tangent: 0.665976 -0.341478 0.663226
UV1: 0.4375 0.50047 
UV2: 0.5 0.594455 
UV3: 0.4375 0.594455
MaterialIndex: 2

VertexIndicies: 60 61 64
Normal: 0.637151 -0.0992604 0.76432
Tangent: 0.768226 0.00177056 -0.640177
UV1: 0.5 0.50047 
UV2: 0.5625 0.50047 
UV3: 0.5 0.594455
MaterialIndex: 2

VertexIndicies: 64 61 65
Normal: 0.635137 -0.486541 0.599899
Tangent: 0.239834 -0.614053 -0.751943
UV1: 0.5 0.594455 
UV2: 0.5625 0.50047 
UV3: 0.5625 0.594455
MaterialIndex: 2

VertexIndicies: 61 58 65
Normal: 0.542175 -0.518405 -0.661288
Tangent: -0.77097 0.00604867 -0.636842
UV1: 0.5625 0.50047 
UV2: 0.625 0.50047 
UV3: 0.5625 0.594455
MaterialIndex: 2

VertexIndicies: 65 58 62
Normal: 0.347939 -0.746582 -0.567057
Tangent: -0.272783 0.498061 -0.823119
UV1: 0.5625 0.594455 
UV2: 0.625 0.50047 
UV3: 0.625 0.594455
MaterialIndex: 2

VertexIndicies: 62 63 66
Normal: -0.628809 0.549817 -0.549818
Tangent: -6.04982e-008 0.707107 0.707106
UV1: 0.375 0.594455 
UV2: 0.4375 0.594455 
UV3: 0.375 0.68844
MaterialIndex: 2

VertexIndicies: 66 63 67
Normal: -0.593109 0.569307 -0.569308
Tangent: -8.15192e-008 0.707107 0.707107
UV1: 0.375 0.68844 
UV2: 0.4375 0.594455 
UV3: 0.4375 0.68844
MaterialIndex: 2

VertexIndicies: 64 68 63
Normal: -0.391534 0.7107 0.584472
Tangent: 0.285678 -0.509908 0.811407
UV1: 0.5 0.594455 
UV2: 0.5 0.68844 
UV3: 0.4375 0.594455
MaterialIndex: 2

VertexIndicies: 63 68 67
Normal: -0.476858 0.621533 0.621533
Tangent: -7.428e-008 -0.707106 0.707107
UV1: 0.4375 0.594455 
UV2: 0.5 0.68844 
UV3: 0.4375 0.68844
MaterialIndex: 2

VertexIndicies: 65 69 64
Normal: 0.656773 -0.533221 0.53322
Tangent: -1.98593e-007 -0.707106 -0.707107
UV1: 0.5625 0.594455 
UV2: 0.5625 0.68844 
UV3: 0.5 0.594455
MaterialIndex: 2

VertexIndicies: 64 69 68
Normal: 0.635137 -0.486541 0.599899
Tangent: 0.239834 -0.614053 -0.751943
UV1: 0.5 0.594455 
UV2: 0.5625 0.68844 
UV3: 0.5 0.68844
MaterialIndex: 2

VertexIndicies: 65 62 69
Normal: 0.347939 -0.746582 -0.567057
Tangent: -0.272783 0.498061 -0.823119
UV1: 0.5625 0.594455 
UV2: 0.625 0.594455 
UV3: 0.5625 0.68844
MaterialIndex: 2

VertexIndicies: 69 62 66
Normal: 0.593109 -0.569308 -0.569307
Tangent: 2.28254e-007 0.707107 -0.707107
UV1: 0.5625 0.68844 
UV2: 0.625 0.594455 
UV3: 0.625 0.68844
MaterialIndex: 2

VertexIndicies: 51 50 70
Normal: 0.0139975 -0.999902 0
Tangent: 0.698514 0.00977838 -0.71553
UV1: 0.34375 0.15625 
UV2: 0.5 0 
UV3: 0.5 0.15
MaterialIndex: 2

VertexIndicies: 52 51 70
Normal: 0.0223957 -0.999749 0
Tangent: 0.914819 0.0204931 -0.403344
UV1: 0.5 0.3125 
UV2: 0.34375 0.15625 
UV3: 0.5 0.15
MaterialIndex: 2

VertexIndicies: 53 52 70
Normal: 0.0307923 -0.999526 0
Tangent: 0.998948 0.0307745 -0.0339865
UV1: 0.65625 0.15625 
UV2: 0.5 0.3125 
UV3: 0.5 0.15
MaterialIndex: 2

VertexIndicies: 50 53 70
Normal: 0.0223957 -0.999749 0
Tangent: 0.914392 0.0204836 -0.404311
UV1: 0.5 0 
UV2: 0.65625 0.15625 
UV3: 0.5 0.15
MaterialIndex: 2

VertexIndicies: 66 67 71
Normal: 1 0 0
Tangent: 0 -1 -3.72804e-009
UV1: 0.5 1 
UV2: 0.34375 0.84375 
UV3: 0.5 0.8375
MaterialIndex: 2

VertexIndicies: 67 68 71
Normal: 1 0 0
Tangent: 0 -0.999198 -0.0400321
UV1: 0.34375 0.84375 
UV2: 0.5 0.6875 
UV3: 0.5 0.8375
MaterialIndex: 2

VertexIndicies: 68 69 71
Normal: 1 0 0
Tangent: 0 -1 1.30498e-008
UV1: 0.5 0.6875 
UV2: 0.65625 0.84375 
UV3: 0.5 0.8375
MaterialIndex: 2

VertexIndicies: 69 66 71
Normal: 1 0 0
Tangent: 0 -0.999198 0.0400321
UV1: 0.65625 0.84375 
UV2: 0.5 1 
UV3: 0.5 0.8375
MaterialIndex: 2

VertexIndicies: 73 77 72
Normal: -0.271369 0.118123 -0.9552
Tangent: -0.961685 0.00693542 0.274069
UV1: 0.4375 0.3125 
UV2: 0.4375 0.406485 
UV3: 0.375 0.3125
MaterialIndex: 2

VertexIndicies: 72 77 76
Normal: -0.465166 0.0588356 -0.883266
Tangent: -0.884824 -0.000930733 0.465925
UV1: 0.375 0.3125 
UV2: 0.4375 0.406485 
UV3: 0.375 0.406485
MaterialIndex: 2

VertexIndicies: 73 74 77
Normal: -0.271369 0.118123 0.9552
Tangent: 0.961685 -0.00693543 0.274069
UV1: 0.4375 0.3125 
UV2: 0.5 0.3125 
UV3: 0.4375 0.406485
MaterialIndex: 2

VertexIndicies: 77 74 78
Normal: -0.549434 0.0197629 0.835304
Tangent: 0.835366 -0.00723669 0.549646
UV1: 0.4375 0.406485 
UV2: 0.5 0.3125 
UV3: 0.5 0.406485
MaterialIndex: 2

VertexIndicies: 74 75 78
Normal: 0.62534 0.00311246 0.780346
Tangent: 0.779863 0.0329238 -0.625084
UV1: 0.5 0.3125 
UV2: 0.5625 0.3125 
UV3: 0.5 0.406485
MaterialIndex: 2

VertexIndicies: 78 75 79
Normal: 0.613737 0.00135613 0.789509
Tangent: 0.789505 0.0025303 -0.613739
UV1: 0.5 0.406485 
UV2: 0.5625 0.3125 
UV3: 0.5625 0.406485
MaterialIndex: 2

VertexIndicies: 72 76 75
Normal: 0.62534 0.00311246 -0.780346
Tangent: -0.779863 -0.0329238 -0.625084
UV1: 0.625 0.3125 
UV2: 0.625 0.406485 
UV3: 0.5625 0.3125
MaterialIndex: 2

VertexIndicies: 75 76 79
Normal: 0.619517 0.000799436 -0.784982
Tangent: -0.784949 -0.00870199 -0.6195
UV1: 0.5625 0.3125 
UV2: 0.625 0.406485 
UV3: 0.5625 0.406485
MaterialIndex: 2

VertexIndicies: 76 77 80
Normal: -0.637429 -0.00554986 -0.770489
Tangent: -0.770441 -0.00872689 0.637452
UV1: 0.375 0.406485 
UV2: 0.4375 0.406485 
UV3: 0.375 0.50047
MaterialIndex: 2

VertexIndicies: 80 77 81
Normal: -0.525125 0.386819 -0.758034
Tangent: -0.721061 0.270864 0.637733
UV1: 0.375 0.50047 
UV2: 0.4375 0.406485 
UV3: 0.4375 0.50047
MaterialIndex: 2

VertexIndicies: 78 82 77
Normal: -0.637429 -0.00555035 0.770489
Tangent: 0.77044 0.00872685 0.637452
UV1: 0.5 0.406485 
UV2: 0.5 0.50047 
UV3: 0.4375 0.406485
MaterialIndex: 2

VertexIndicies: 77 82 81
Normal: -0.549434 0.0197629 0.835304
Tangent: 0.835366 -0.00723669 0.549646
UV1: 0.4375 0.406485 
UV2: 0.5 0.50047 
UV3: 0.4375 0.50047
MaterialIndex: 2

VertexIndicies: 79 83 78
Normal: 0.613643 -0.00258871 0.789579
Tangent: 0.789462 -0.0155256 -0.613603
UV1: 0.5625 0.406485 
UV2: 0.5625 0.50047 
UV3: 0.5 0.406485
MaterialIndex: 2

VertexIndicies: 78 83 82
Normal: 0.613737 0.00135613 0.789509
Tangent: 0.789505 0.0025303 -0.613739
UV1: 0.5 0.406485 
UV2: 0.5625 0.50047 
UV3: 0.5 0.50047
MaterialIndex: 2

VertexIndicies: 79 76 83
Normal: 0.613643 -0.00258871 -0.789579
Tangent: -0.789462 0.0155255 -0.613603
UV1: 0.5625 0.406485 
UV2: 0.625 0.406485 
UV3: 0.5625 0.50047
MaterialIndex: 2

VertexIndicies: 83 76 80
Normal: 0.501237 -0.416877 -0.758271
Tangent: -0.735621 0.256156 -0.627093
UV1: 0.5625 0.50047 
UV2: 0.625 0.406485 
UV3: 0.625 0.50047
MaterialIndex: 2

VertexIndicies: 81 85 80
Normal: -0.546516 0.411135 -0.729581
Tangent: -0.788944 0.0394233 0.6132
UV1: 0.4375 0.50047 
UV2: 0.4375 0.594455 
UV3: 0.375 0.50047
MaterialIndex: 2

VertexIndicies: 80 85 84
Normal: -0.525125 0.386819 -0.758034
Tangent: -0.721061 0.270864 0.637733
UV1: 0.375 0.50047 
UV2: 0.4375 0.594455 
UV3: 0.375 0.594455
MaterialIndex: 2

VertexIndicies: 81 82 85
Normal: -0.546516 0.411135 0.729581
Tangent: 0.788944 -0.0394234 0.6132
UV1: 0.4375 0.50047 
UV2: 0.5 0.50047 
UV3: 0.4375 0.594455
MaterialIndex: 2

VertexIndicies: 85 82 86
Normal: -0.468039 0.655202 0.593001
Tangent: 0.199506 -0.575371 0.793187
UV1: 0.4375 0.594455 
UV2: 0.5 0.50047 
UV3: 0.5 0.594455
MaterialIndex: 2

VertexIndicies: 82 83 86
Normal: 0.538545 -0.457416 0.70763
Tangent: 0.798291 0.0082418 -0.602216
UV1: 0.5 0.50047 
UV2: 0.5625 0.50047 
UV3: 0.5 0.594455
MaterialIndex: 2

VertexIndicies: 86 83 87
Normal: 0.453214 -0.674896 0.582333
Tangent: 0.199673 -0.559816 -0.804199
UV1: 0.5 0.594455 
UV2: 0.5625 0.50047 
UV3: 0.5625 0.594455
MaterialIndex: 2

VertexIndicies: 80 84 83
Normal: 0.538545 -0.457416 -0.70763
Tangent: -0.798291 -0.00824187 -0.602216
UV1: 0.625 0.50047 
UV2: 0.625 0.594455 
UV3: 0.5625 0.50047
MaterialIndex: 2

VertexIndicies: 83 84 87
Normal: 0.501237 -0.416877 -0.758271
Tangent: -0.735621 0.256156 -0.627093
UV1: 0.5625 0.50047 
UV2: 0.625 0.594455 
UV3: 0.5625 0.594455
MaterialIndex: 2

VertexIndicies: 84 85 88
Normal: -0.448546 0.631983 -0.631984
Tangent: -1.4796e-007 0.707107 0.707106
UV1: 0.375 0.594455 
UV2: 0.4375 0.594455 
UV3: 0.375 0.68844
MaterialIndex: 2

VertexIndicies: 88 85 89
Normal: -0.593109 0.569307 -0.569308
Tangent: 8.96711e-008 0.707107 0.707107
UV1: 0.375 0.68844 
UV2: 0.4375 0.594455 
UV3: 0.4375 0.68844
MaterialIndex: 2

VertexIndicies: 86 90 85
Normal: -0.448546 0.631983 0.631984
Tangent: 1.4796e-007 -0.707107 0.707107
UV1: 0.5 0.594455 
UV2: 0.5 0.68844 
UV3: 0.4375 0.594455
MaterialIndex: 2

VertexIndicies: 85 90 89
Normal: -0.468039 0.655202 0.593001
Tangent: 0.199506 -0.575371 0.793187
UV1: 0.4375 0.594455 
UV2: 0.5 0.68844 
UV3: 0.4375 0.68844
MaterialIndex: 2

VertexIndicies: 87 91 86
Normal: 0.423315 -0.640627 0.640626
Tangent: -1.16364e-007 -0.707107 -0.707107
UV1: 0.5625 0.594455 
UV2: 0.5625 0.68844 
UV3: 0.5 0.594455
MaterialIndex: 2

VertexIndicies: 86 91 90
Normal: 0.453214 -0.674896 0.582333
Tangent: 0.199673 -0.559816 -0.804199
UV1: 0.5 0.594455 
UV2: 0.5625 0.68844 
UV3: 0.5 0.68844
MaterialIndex: 2

VertexIndicies: 87 84 91
Normal: 0.423315 -0.640627 -0.640626
Tangent: 1.16364e-007 0.707107 -0.707107
UV1: 0.5625 0.594455 
UV2: 0.625 0.594455 
UV3: 0.5625 0.68844
MaterialIndex: 2

VertexIndicies: 91 84 88
Normal: 0.593109 -0.569308 -0.569307
Tangent: 2.69013e-007 0.707106 -0.707107
UV1: 0.5625 0.68844 
UV2: 0.625 0.594455 
UV3: 0.625 0.68844
MaterialIndex: 2

VertexIndicies: 73 72 92
Normal: -0.00721157 -0.999974 0
Tangent: 0.999909 -0.0072111 0.0114167
UV1: 0.34375 0.15625 
UV2: 0.5 0 
UV3: 0.5 0.15
MaterialIndex: 2

VertexIndicies: 74 73 92
Normal: 0.0174894 -0.999847 0
Tangent: 0.999798 0.0174885 -0.00991812
UV1: 0.5 0.3125 
UV2: 0.34375 0.15625 
UV3: 0.5 0.15
MaterialIndex: 2

VertexIndicies: 75 74 92
Normal: 0.0421797 -0.99911 0
Tangent: 0.998596 0.042158 -0.0320674
UV1: 0.65625 0.15625 
UV2: 0.5 0.3125 
UV3: 0.5 0.15
MaterialIndex: 2

VertexIndicies: 72 75 92
Normal: 0.0174894 -0.999847 0
Tangent: 0.999789 0.0174884 -0.0107438
UV1: 0.5 0 
UV2: 0.65625 0.15625 
UV3: 0.5 0.15
MaterialIndex: 2

VertexIndicies: 88 89 93
Normal: 1 0 0
Tangent: 0 -1 1.19297e-007
UV1: 0.5 1 
UV2: 0.34375 0.84375 
UV3: 0.5 0.8375
MaterialIndex: 2

VertexIndicies: 89 90 93
Normal: 1 -8.94475e-010 0
Tangent: -8.93758e-010 -0.999198 -0.0400318
UV1: 0.34375 0.84375 
UV2: 0.5 0.6875 
UV3: 0.5 0.8375
MaterialIndex: 2

VertexIndicies: 90 91 93
Normal: 1 -8.94475e-010 0
Tangent: -8.94475e-010 -1 1.28634e-007
UV1: 0.5 0.6875 
UV2: 0.65625 0.84375 
UV3: 0.5 0.8375
MaterialIndex: 2

VertexIndicies: 91 88 93
Normal: 1 0 0
Tangent: 0 -0.999198 0.0400321
UV1: 0.65625 0.84375 
UV2: 0.5 1 
UV3: 0.5 0.8375
MaterialIndex: 2

VertexIndicies: 95 99 94
Normal: 0.275748 0.181627 -0.943914
Tangent: -0.959147 -0.0126199 -0.282627
UV1: 0.4375 0.3125 
UV2: 0.4375 0.406485 
UV3: 0.375 0.3125
MaterialIndex: 2

VertexIndicies: 94 99 98
Normal: -0.184835 0.187023 -0.96481
Tangent: -0.982721 -0.0254309 0.183337
UV1: 0.375 0.3125 
UV2: 0.4375 0.406485 
UV3: 0.375 0.406485
MaterialIndex: 2

VertexIndicies: 95 96 99
Normal: -0.72165 0.133417 0.67928
Tangent: 0.686265 0.00902945 0.727296
UV1: 0.4375 0.3125 
UV2: 0.5 0.3125 
UV3: 0.4375 0.406485
MaterialIndex: 2

VertexIndicies: 99 96 100
Normal: -0.648993 0.0954856 0.754779
Tangent: 0.759557 0.0247445 0.64997
UV1: 0.4375 0.406485 
UV2: 0.5 0.3125 
UV3: 0.5 0.406485
MaterialIndex: 2

VertexIndicies: 96 97 100
Normal: 0.367149 -0.0924697 0.925554
Tangent: 0.928626 -0.0207149 -0.370437
UV1: 0.5 0.3125 
UV2: 0.5625 0.3125 
UV3: 0.5 0.406485
MaterialIndex: 2

VertexIndicies: 100 97 101
Normal: 0.579792 -0.0263438 0.814339
Tangent: 0.814005 -0.0244179 -0.580344
UV1: 0.5 0.406485 
UV2: 0.5625 0.3125 
UV3: 0.5625 0.406485
MaterialIndex: 2

VertexIndicies: 94 98 97
Normal: 0.367149 -0.0924698 -0.925554
Tangent: -0.928626 0.0207149 -0.370437
UV1: 0.625 0.3125 
UV2: 0.625 0.406485 
UV3: 0.5625 0.3125
MaterialIndex: 2

VertexIndicies: 97 98 101
Normal: 0.510414 -0.0475232 -0.858614
Tangent: -0.858705 0.0250863 -0.511857
UV1: 0.5625 0.3125 
UV2: 0.625 0.406485 
UV3: 0.5625 0.406485
MaterialIndex: 2

VertexIndicies: 99 103 98
Normal: -0.347038 0.123061 -0.929742
Tangent: -0.937776 -0.0329769 0.345672
UV1: 0.4375 0.406485 
UV2: 0.4375 0.50047 
UV3: 0.375 0.406485
MaterialIndex: 2

VertexIndicies: 98 103 102
Normal: -0.606502 0.0535714 -0.793276
Tangent: -0.795052 -0.0321998 0.605685
UV1: 0.375 0.406485 
UV2: 0.4375 0.50047 
UV3: 0.375 0.50047
MaterialIndex: 2

VertexIndicies: 99 100 103
Normal: -0.648993 0.0954856 0.754779
Tangent: 0.759557 0.0247445 0.64997
UV1: 0.4375 0.406485 
UV2: 0.5 0.406485 
UV3: 0.4375 0.50047
MaterialIndex: 2

VertexIndicies: 103 100 104
Normal: -0.603179 0.0483207 0.796141
Tangent: 0.797597 0.031787 0.602353
UV1: 0.4375 0.50047 
UV2: 0.5 0.406485 
UV3: 0.5 0.50047
MaterialIndex: 2

VertexIndicies: 101 105 100
Normal: 0.639887 -0.00118949 0.768468
Tangent: 0.768126 -0.028893 -0.639647
UV1: 0.5625 0.406485 
UV2: 0.5625 0.50047 
UV3: 0.5 0.406485
MaterialIndex: 2

VertexIndicies: 100 105 104
Normal: 0.579792 -0.0263438 0.814339
Tangent: 0.814005 -0.0244179 -0.580344
UV1: 0.5 0.406485 
UV2: 0.5625 0.50047 
UV3: 0.5 0.50047
MaterialIndex: 2

VertexIndicies: 101 98 105
Normal: 0.639888 -0.00118964 -0.768467
Tangent: -0.768125 0.0288931 -0.639647
UV1: 0.5625 0.406485 
UV2: 0.625 0.406485 
UV3: 0.5625 0.50047
MaterialIndex: 2

VertexIndicies: 105 98 102
Normal: 0.704935 -0.113939 -0.70006
Tangent: -0.665151 0.236483 -0.708273
UV1: 0.5625 0.50047 
UV2: 0.625 0.406485 
UV3: 0.625 0.50047
MaterialIndex: 2

VertexIndicies: 102 103 106
Normal: -0.527496 0.512258 -0.677746
Tangent: -0.800116 -0.031375 0.599024
UV1: 0.375 0.50047 
UV2: 0.4375 0.50047 
UV3: 0.375 0.594455
MaterialIndex: 2

VertexIndicies: 106 103 107
Normal: -0.337785 0.747579 -0.571863
Tangent: -0.29098 0.494869 0.818801
UV1: 0.375 0.594455 
UV2: 0.4375 0.50047 
UV3: 0.4375 0.594455
MaterialIndex: 2

VertexIndicies: 103 104 107
Normal: -0.603179 0.0483207 0.796141
Tangent: 0.797597 0.031787 0.602353
UV1: 0.4375 0.50047 
UV2: 0.5 0.50047 
UV3: 0.4375 0.594455
MaterialIndex: 2

VertexIndicies: 107 104 108
Normal: -0.644889 0.450127 0.617661
Tangent: 0.268868 -0.622888 0.734657
UV1: 0.4375 0.594455 
UV2: 0.5 0.50047 
UV3: 0.5 0.594455
MaterialIndex: 2

VertexIndicies: 105 109 104
Normal: 0.595578 -0.363699 0.716247
Tangent: 0.763236 -0.0218557 -0.645749
UV1: 0.5625 0.50047 
UV2: 0.5625 0.594455 
UV3: 0.5 0.50047
MaterialIndex: 2

VertexIndicies: 104 109 108
Normal: 0.312362 -0.644342 0.698035
Tangent: 0.645768 -0.394889 -0.653488
UV1: 0.5 0.50047 
UV2: 0.5625 0.594455 
UV3: 0.5 0.594455
MaterialIndex: 2

VertexIndicies: 102 106 105
Normal: 0.648373 -0.00779777 -0.761283
Tangent: -0.761081 0.0185312 -0.648392
UV1: 0.625 0.50047 
UV2: 0.625 0.594455 
UV3: 0.5625 0.50047
MaterialIndex: 2

VertexIndicies: 105 106 109
Normal: 0.704935 -0.113939 -0.70006
Tangent: -0.665151 0.236483 -0.708273
UV1: 0.5625 0.50047 
UV2: 0.625 0.594455 
UV3: 0.5625 0.594455
MaterialIndex: 2

VertexIndicies: 106 107 110
Normal: -0.337785 0.747579 -0.571863
Tangent: -0.29098 0.494869 0.818801
UV1: 0.375 0.594455 
UV2: 0.4375 0.594455 
UV3: 0.375 0.68844
MaterialIndex: 2

VertexIndicies: 110 107 111
Normal: -0.588663 0.57161 -0.57161
Tangent: -8.09081e-008 0.707107 0.707107
UV1: 0.375 0.68844 
UV2: 0.4375 0.594455 
UV3: 0.4375 0.68844
MaterialIndex: 2

VertexIndicies: 108 112 107
Normal: -0.668089 0.526145 0.526145
Tangent: -3.39752e-007 -0.707106 0.707107
UV1: 0.5 0.594455 
UV2: 0.5 0.68844 
UV3: 0.4375 0.594455
MaterialIndex: 2

VertexIndicies: 107 112 111
Normal: -0.644889 0.450127 0.617661
Tangent: 0.268868 -0.622888 0.734657
UV1: 0.4375 0.594455 
UV2: 0.5 0.68844 
UV3: 0.4375 0.68844
MaterialIndex: 2

VertexIndicies: 109 113 108
Normal: 0.26133 -0.783394 0.563915
Tangent: 0.274669 -0.499712 -0.82149
UV1: 0.5625 0.594455 
UV2: 0.5625 0.68844 
UV3: 0.5 0.594455
MaterialIndex: 2

VertexIndicies: 108 113 112
Normal: 0.383063 -0.65317 0.653171
Tangent: 2.87818e-007 -0.707107 -0.707106
UV1: 0.5 0.594455 
UV2: 0.5625 0.68844 
UV3: 0.5 0.68844
MaterialIndex: 2

VertexIndicies: 109 106 113
Normal: 0.701364 -0.504027 -0.504029
Tangent: -7.90466e-007 0.707107 -0.707106
UV1: 0.5625 0.594455 
UV2: 0.625 0.594455 
UV3: 0.5625 0.68844
MaterialIndex: 2

VertexIndicies: 113 106 110
Normal: 0.588663 -0.57161 -0.571611
Tangent: -3.47905e-007 0.707107 -0.707107
UV1: 0.5625 0.68844 
UV2: 0.625 0.594455 
UV3: 0.625 0.68844
MaterialIndex: 2

VertexIndicies: 95 94 114
Normal: 0.0131563 -0.999913 0
Tangent: 0.822049 0.0108161 0.569314
UV1: 0.34375 0.15625 
UV2: 0.5 0 
UV3: 0.5 0.15
MaterialIndex: 2

VertexIndicies: 96 95 114
Normal: -0.00457334 -0.99999 0
Tangent: 0.956794 -0.00437579 0.290735
UV1: 0.5 0.3125 
UV2: 0.34375 0.15625 
UV3: 0.5 0.15
MaterialIndex: 2

VertexIndicies: 97 96 114
Normal: -0.0223015 -0.999751 0
Tangent: 0.999624 -0.0222987 -0.0159759
UV1: 0.65625 0.15625 
UV2: 0.5 0.3125 
UV3: 0.5 0.15
MaterialIndex: 2

VertexIndicies: 94 97 114
Normal: -0.00457334 -0.99999 0
Tangent: 0.956859 -0.00437609 0.29052
UV1: 0.5 0 
UV2: 0.65625 0.15625 
UV3: 0.5 0.15
MaterialIndex: 2

VertexIndicies: 110 111 115
Normal: 1 0 0
Tangent: 0 -1 9.32011e-009
UV1: 0.5 1 
UV2: 0.34375 0.84375 
UV3: 0.5 0.8375
MaterialIndex: 2

VertexIndicies: 111 112 115
Normal: 1 0 0
Tangent: 0 -0.999198 -0.0400321
UV1: 0.34375 0.84375 
UV2: 0.5 0.6875 
UV3: 0.5 0.8375
MaterialIndex: 2

VertexIndicies: 112 113 115
Normal: 1 0 0
Tangent: 0 -1 -9.32131e-009
UV1: 0.5 0.6875 
UV2: 0.65625 0.84375 
UV3: 0.5 0.8375
MaterialIndex: 2

VertexIndicies: 113 110 115
Normal: 1 0 0
Tangent: 0 -0.999198 0.0400321
UV1: 0.65625 0.84375 
UV2: 0.5 1 
UV3: 0.5 0.8375
MaterialIndex: 2

VertexIndicies: 120 121 116
Normal: 0.603667 -0.00153142 -0.797235
Tangent: 0.797228 0.00573269 0.603651
UV1: 0.375 0.406485 
UV2: 0.4375 0.406485 
UV3: 0.375 0.3125
MaterialIndex: 2

VertexIndicies: 116 121 117
Normal: 0.718501 -0.0487397 -0.693816
Tangent: 0.694599 -0.00120204 0.719396
UV1: 0.375 0.3125 
UV2: 0.4375 0.406485 
UV3: 0.4375 0.3125
MaterialIndex: 2

VertexIndicies: 117 121 118
Normal: -0.521757 0.284918 0.804109
Tangent: -0.83692 0.0117159 -0.547199
UV1: 0.4375 0.3125 
UV2: 0.4375 0.406485 
UV3: 0.5 0.3125
MaterialIndex: 2

VertexIndicies: 118 121 122
Normal: 0.0502927 0.174914 0.983298
Tangent: -0.998734 0.00780437 0.0496939
UV1: 0.5 0.3125 
UV2: 0.4375 0.406485 
UV3: 0.5 0.406485
MaterialIndex: 2

VertexIndicies: 118 122 119
Normal: -0.647293 6.74518e-005 0.762242
Tangent: -0.76203 0.0234757 -0.647115
UV1: 0.5 0.3125 
UV2: 0.5 0.406485 
UV3: 0.5625 0.3125
MaterialIndex: 2

VertexIndicies: 119 122 123
Normal: -0.647874 0.000294214 0.761747
Tangent: -0.761583 0.0205512 -0.647742
UV1: 0.5625 0.3125 
UV2: 0.5 0.406485 
UV3: 0.5625 0.406485
MaterialIndex: 2

VertexIndicies: 123 120 119
Normal: -0.644581 -0.00121778 -0.764535
Tangent: 0.764507 -0.00973544 -0.644542
UV1: 0.5625 0.406485 
UV2: 0.625 0.406485 
UV3: 0.5625 0.3125
MaterialIndex: 2

VertexIndicies: 119 120 116
Normal: -0.647874 0.000294214 -0.761747
Tangent: 0.761582 -0.0205513 -0.647742
UV1: 0.5625 0.3125 
UV2: 0.625 0.406485 
UV3: 0.625 0.3125
MaterialIndex: 2

VertexIndicies: 120 124 121
Normal: 0.603667 -0.00153142 -0.797235
Tangent: 0.797228 0.00573269 0.603651
UV1: 0.375 0.406485 
UV2: 0.375 0.50047 
UV3: 0.4375 0.406485
MaterialIndex: 2

VertexIndicies: 121 124 125
Normal: 0.662863 -0.0258025 -0.748296
Tangent: 0.748581 0.00219619 0.66304
UV1: 0.4375 0.406485 
UV2: 0.375 0.50047 
UV3: 0.4375 0.50047
MaterialIndex: 2

VertexIndicies: 125 126 121
Normal: 0.425988 0.555766 0.713904
Tangent: -0.665976 -0.341478 0.663226
UV1: 0.4375 0.50047 
UV2: 0.5 0.50047 
UV3: 0.4375 0.406485
MaterialIndex: 2

VertexIndicies: 121 126 122
Normal: 0.372904 0.0806567 0.924357
Tangent: -0.927692 0.0129181 0.373122
UV1: 0.4375 0.406485 
UV2: 0.5 0.50047 
UV3: 0.5 0.406485
MaterialIndex: 2

VertexIndicies: 122 126 123
Normal: -0.648055 0.00127037 0.761592
Tangent: -0.761431 0.0195764 -0.64795
UV1: 0.5 0.406485 
UV2: 0.5 0.50047 
UV3: 0.5625 0.406485
MaterialIndex: 2

VertexIndicies: 123 126 127
Normal: -0.644581 -0.00121778 0.764535
Tangent: -0.764507 0.0097354 -0.644542
UV1: 0.5625 0.406485 
UV2: 0.5 0.50047 
UV3: 0.5625 0.50047
MaterialIndex: 2

VertexIndicies: 127 124 123
Normal: -0.542175 -0.518405 -0.661288
Tangent: 0.77097 0.00604864 -0.636843
UV1: 0.5625 0.50047 
UV2: 0.625 0.50047 
UV3: 0.5625 0.406485
MaterialIndex: 2

VertexIndicies: 123 124 120
Normal: -0.644581 -0.00121778 -0.764535
Tangent: 0.764507 -0.00973544 -0.644542
UV1: 0.5625 0.406485 
UV2: 0.625 0.50047 
UV3: 0.625 0.406485
MaterialIndex: 2

VertexIndicies: 128 129 124
Normal: 0.628809 0.549817 -0.549818
Tangent: 7.77834e-008 0.707107 0.707106
UV1: 0.375 0.594455 
UV2: 0.4375 0.594455 
UV3: 0.375 0.50047
MaterialIndex: 2

VertexIndicies: 124 129 125
Normal: 0.629542 0.2287 -0.742545
Tangent: 0.706101 0.23036 0.669594
UV1: 0.375 0.50047 
UV2: 0.4375 0.594455 
UV3: 0.4375 0.50047
MaterialIndex: 2

VertexIndicies: 129 130 125
Normal: 0.476858 0.621533 0.621533
Tangent: 4.80635e-008 -0.707106 0.707107
UV1: 0.4375 0.594455 
UV2: 0.5 0.594455 
UV3: 0.4375 0.50047
MaterialIndex: 2

VertexIndicies: 125 130 126
Normal: 0.425988 0.555766 0.713904
Tangent: -0.665976 -0.341478 0.663226
UV1: 0.4375 0.50047 
UV2: 0.5 0.594455 
UV3: 0.5 0.50047
MaterialIndex: 2

VertexIndicies: 126 130 127
Normal: -0.637151 -0.0992605 0.76432
Tangent: -0.768225 0.00177057 -0.640177
UV1: 0.5 0.50047 
UV2: 0.5 0.594455 
UV3: 0.5625 0.50047
MaterialIndex: 2

VertexIndicies: 127 130 131
Normal: -0.673149 -0.271802 0.687746
Tangent: -0.620406 -0.298557 -0.725231
UV1: 0.5625 0.50047 
UV2: 0.5 0.594455 
UV3: 0.5625 0.594455
MaterialIndex: 2

VertexIndicies: 127 131 124
Normal: -0.542175 -0.518405 -0.661288
Tangent: 0.77097 0.00604864 -0.636843
UV1: 0.5625 0.50047 
UV2: 0.5625 0.594455 
UV3: 0.625 0.50047
MaterialIndex: 2

VertexIndicies: 124 131 128
Normal: -0.486408 -0.455815 -0.745413
Tangent: 0.723065 0.268938 -0.636278
UV1: 0.625 0.50047 
UV2: 0.5625 0.594455 
UV3: 0.625 0.594455
MaterialIndex: 2

VertexIndicies: 128 132 129
Normal: 0.628809 0.549817 -0.549818
Tangent: 7.77834e-008 0.707107 0.707106
UV1: 0.375 0.594455 
UV2: 0.375 0.68844 
UV3: 0.4375 0.594455
MaterialIndex: 2

VertexIndicies: 129 132 133
Normal: 0.607547 0.511084 -0.608012
Tangent: 0.240202 0.61142 0.753968
UV1: 0.4375 0.594455 
UV2: 0.375 0.68844 
UV3: 0.4375 0.68844
MaterialIndex: 2

VertexIndicies: 133 134 129
Normal: 0.593109 0.569308 0.569307
Tangent: 1.46735e-007 -0.707106 0.707107
UV1: 0.4375 0.68844 
UV2: 0.5 0.68844 
UV3: 0.4375 0.594455
MaterialIndex: 2

VertexIndicies: 129 134 130
Normal: 0.476858 0.621533 0.621533
Tangent: 4.80635e-008 -0.707106 0.707107
UV1: 0.4375 0.594455 
UV2: 0.5 0.68844 
UV3: 0.5 0.594455
MaterialIndex: 2

VertexIndicies: 134 135 130
Normal: -0.593109 -0.569308 0.569307
Tangent: 1.30431e-007 -0.707106 -0.707107
UV1: 0.5 0.68844 
UV2: 0.5625 0.68844 
UV3: 0.5 0.594455
MaterialIndex: 2

VertexIndicies: 130 135 131
Normal: -0.635137 -0.486541 0.599899
Tangent: -0.239834 -0.614053 -0.751943
UV1: 0.5 0.594455 
UV2: 0.5625 0.68844 
UV3: 0.5625 0.594455
MaterialIndex: 2

VertexIndicies: 131 135 128
Normal: -0.347939 -0.746582 -0.567057
Tangent: 0.272783 0.498061 -0.823119
UV1: 0.5625 0.594455 
UV2: 0.5625 0.68844 
UV3: 0.625 0.594455
MaterialIndex: 2

VertexIndicies: 128 135 132
Normal: -0.447491 -0.632357 -0.632357
Tangent: -1.55813e-007 0.707107 -0.707107
UV1: 0.625 0.594455 
UV2: 0.5625 0.68844 
UV3: 0.625 0.68844
MaterialIndex: 2

VertexIndicies: 117 136 116
Normal: -0.0139975 -0.999902 0
Tangent: -0.698514 0.00977838 -0.71553
UV1: 0.34375 0.15625 
UV2: 0.5 0.15 
UV3: 0.5 0
MaterialIndex: 2

VertexIndicies: 118 136 117
Normal: -0.0223956 -0.999749 0
Tangent: -0.914819 0.0204931 -0.403344
UV1: 0.5 0.3125 
UV2: 0.5 0.15 
UV3: 0.34375 0.15625
MaterialIndex: 2

VertexIndicies: 119 136 118
Normal: -0.0307922 -0.999526 0
Tangent: -0.998948 0.0307744 -0.0339865
UV1: 0.65625 0.15625 
UV2: 0.5 0.15 
UV3: 0.5 0.3125
MaterialIndex: 2

VertexIndicies: 116 136 119
Normal: -0.0223957 -0.999749 0
Tangent: -0.914392 0.0204835 -0.404311
UV1: 0.5 0 
UV2: 0.5 0.15 
UV3: 0.65625 0.15625
MaterialIndex: 2

VertexIndicies: 132 137 133
Normal: -1 0 0
Tangent: 0 -1 -3.72804e-009
UV1: 0.5 1 
UV2: 0.5 0.8375 
UV3: 0.34375 0.84375
MaterialIndex: 2

VertexIndicies: 133 137 134
Normal: -1 0 0
Tangent: 0 -0.999198 -0.0400321
UV1: 0.34375 0.84375 
UV2: 0.5 0.8375 
UV3: 0.5 0.6875
MaterialIndex: 2

VertexIndicies: 134 137 135
Normal: -1 0 0
Tangent: 0 -1 1.30498e-008
UV1: 0.5 0.6875 
UV2: 0.5 0.8375 
UV3: 0.65625 0.84375
MaterialIndex: 2

VertexIndicies: 135 137 132
Normal: -1 0 0
Tangent: 0 -0.999198 0.0400321
UV1: 0.65625 0.84375 
UV2: 0.5 0.8375 
UV3: 0.5 1
MaterialIndex: 2

VertexIndicies: 142 143 138
Normal: 0.637429 -0.00554986 -0.770489
Tangent: 0.770441 -0.00872686 0.637452
UV1: 0.375 0.406485 
UV2: 0.4375 0.406485 
UV3: 0.375 0.3125
MaterialIndex: 2

VertexIndicies: 138 143 139
Normal: 0.465166 0.0588356 -0.883266
Tangent: 0.884824 -0.000930698 0.465925
UV1: 0.375 0.3125 
UV2: 0.4375 0.406485 
UV3: 0.4375 0.3125
MaterialIndex: 2

VertexIndicies: 139 143 140
Normal: 0.271369 0.118123 0.9552
Tangent: -0.961685 -0.00693543 0.274069
UV1: 0.4375 0.3125 
UV2: 0.4375 0.406485 
UV3: 0.5 0.3125
MaterialIndex: 2

VertexIndicies: 140 143 144
Normal: 0.465166 0.0588358 0.883266
Tangent: -0.884824 0.000930729 0.465925
UV1: 0.5 0.3125 
UV2: 0.4375 0.406485 
UV3: 0.5 0.406485
MaterialIndex: 2

VertexIndicies: 140 144 141
Normal: -0.62534 0.00311246 0.780346
Tangent: -0.779863 0.0329238 -0.625084
UV1: 0.5 0.3125 
UV2: 0.5 0.406485 
UV3: 0.5625 0.3125
MaterialIndex: 2

VertexIndicies: 141 144 145
Normal: -0.619517 0.000799339 0.784983
Tangent: -0.784949 0.00870199 -0.6195
UV1: 0.5625 0.3125 
UV2: 0.5 0.406485 
UV3: 0.5625 0.406485
MaterialIndex: 2

VertexIndicies: 145 142 141
Normal: -0.613643 -0.00258881 -0.789579
Tangent: 0.789462 0.0155256 -0.613603
UV1: 0.5625 0.406485 
UV2: 0.625 0.406485 
UV3: 0.5625 0.3125
MaterialIndex: 2

VertexIndicies: 141 142 138
Normal: -0.619517 0.00079934 -0.784982
Tangent: 0.784949 -0.00870193 -0.6195
UV1: 0.5625 0.3125 
UV2: 0.625 0.406485 
UV3: 0.625 0.3125
MaterialIndex: 2

VertexIndicies: 142 146 143
Normal: 0.637429 -0.00554986 -0.770489
Tangent: 0.770441 -0.00872686 0.637452
UV1: 0.375 0.406485 
UV2: 0.375 0.50047 
UV3: 0.4375 0.406485
MaterialIndex: 2

VertexIndicies: 143 146 147
Normal: 0.549434 0.0197631 -0.835304
Tangent: 0.835366 0.00723669 0.549646
UV1: 0.4375 0.406485 
UV2: 0.375 0.50047 
UV3: 0.4375 0.50047
MaterialIndex: 2

VertexIndicies: 147 148 143
Normal: 0.546516 0.411135 0.729581
Tangent: -0.788943 -0.0394234 0.6132
UV1: 0.4375 0.50047 
UV2: 0.5 0.50047 
UV3: 0.4375 0.406485
MaterialIndex: 2

VertexIndicies: 143 148 144
Normal: 0.549434 0.0197629 0.835304
Tangent: -0.835366 -0.00723668 0.549646
UV1: 0.4375 0.406485 
UV2: 0.5 0.50047 
UV3: 0.5 0.406485
MaterialIndex: 2

VertexIndicies: 148 149 144
Normal: -0.538545 -0.457415 0.70763
Tangent: -0.798291 0.00824195 -0.602216
UV1: 0.5 0.50047 
UV2: 0.5625 0.50047 
UV3: 0.5 0.406485
MaterialIndex: 2

VertexIndicies: 144 149 145
Normal: -0.613738 0.00135631 0.789509
Tangent: -0.789505 0.00253034 -0.613739
UV1: 0.5 0.406485 
UV2: 0.5625 0.50047 
UV3: 0.5625 0.406485
MaterialIndex: 2

VertexIndicies: 145 149 142
Normal: -0.613643 -0.00258881 -0.789579
Tangent: 0.789462 0.0155256 -0.613603
UV1: 0.5625 0.406485 
UV2: 0.5625 0.50047 
UV3: 0.625 0.406485
MaterialIndex: 2

VertexIndicies: 142 149 146
Normal: -0.613737 0.00135631 -0.789509
Tangent: 0.789505 -0.0025303 -0.613739
UV1: 0.625 0.406485 
UV2: 0.5625 0.50047 
UV3: 0.625 0.50047
MaterialIndex: 2

VertexIndicies: 150 151 146
Normal: 0.448546 0.631983 -0.631984
Tangent: 1.233e-007 0.707107 0.707106
UV1: 0.375 0.594455 
UV2: 0.4375 0.594455 
UV3: 0.375 0.50047
MaterialIndex: 2

VertexIndicies: 146 151 147
Normal: 0.525125 0.386819 -0.758034
Tangent: 0.721061 0.270864 0.637733
UV1: 0.375 0.50047 
UV2: 0.4375 0.594455 
UV3: 0.4375 0.50047
MaterialIndex: 2

VertexIndicies: 147 151 148
Normal: 0.546516 0.411135 0.729581
Tangent: -0.788943 -0.0394234 0.6132
UV1: 0.4375 0.50047 
UV2: 0.4375 0.594455 
UV3: 0.5 0.50047
MaterialIndex: 2

VertexIndicies: 148 151 152
Normal: 0.525125 0.386819 0.758033
Tangent: -0.721061 -0.270864 0.637733
UV1: 0.5 0.50047 
UV2: 0.4375 0.594455 
UV3: 0.5 0.594455
MaterialIndex: 2

VertexIndicies: 148 152 149
Normal: -0.538545 -0.457415 0.70763
Tangent: -0.798291 0.00824195 -0.602216
UV1: 0.5 0.50047 
UV2: 0.5 0.594455 
UV3: 0.5625 0.50047
MaterialIndex: 2

VertexIndicies: 149 152 153
Normal: -0.501237 -0.416877 0.758271
Tangent: -0.735621 -0.256156 -0.627093
UV1: 0.5625 0.50047 
UV2: 0.5 0.594455 
UV3: 0.5625 0.594455
MaterialIndex: 2

VertexIndicies: 153 150 149
Normal: -0.423315 -0.640627 -0.640626
Tangent: -1.16364e-007 0.707107 -0.707107
UV1: 0.5625 0.594455 
UV2: 0.625 0.594455 
UV3: 0.5625 0.50047
MaterialIndex: 2

VertexIndicies: 149 150 146
Normal: -0.501237 -0.416877 -0.758271
Tangent: 0.735621 0.256156 -0.627093
UV1: 0.5625 0.50047 
UV2: 0.625 0.594455 
UV3: 0.625 0.50047
MaterialIndex: 2

VertexIndicies: 150 154 151
Normal: 0.448546 0.631983 -0.631984
Tangent: 1.233e-007 0.707107 0.707106
UV1: 0.375 0.594455 
UV2: 0.375 0.68844 
UV3: 0.4375 0.594455
MaterialIndex: 2

VertexIndicies: 151 154 155
Normal: 0.468039 0.655202 -0.593001
Tangent: 0.199506 0.575371 0.793187
UV1: 0.4375 0.594455 
UV2: 0.375 0.68844 
UV3: 0.4375 0.68844
MaterialIndex: 2

VertexIndicies: 155 156 151
Normal: 0.593109 0.569308 0.569307
Tangent: 4.56507e-007 -0.707107 0.707107
UV1: 0.4375 0.68844 
UV2: 0.5 0.68844 
UV3: 0.4375 0.594455
MaterialIndex: 2

VertexIndicies: 151 156 152
Normal: 0.468039 0.655202 0.593001
Tangent: -0.199506 -0.575371 0.793187
UV1: 0.4375 0.594455 
UV2: 0.5 0.68844 
UV3: 0.5 0.594455
MaterialIndex: 2

VertexIndicies: 156 157 152
Normal: -0.593109 -0.569308 0.569307
Tangent: 1.46735e-007 -0.707106 -0.707107
UV1: 0.5 0.68844 
UV2: 0.5625 0.68844 
UV3: 0.5 0.594455
MaterialIndex: 2

VertexIndicies: 152 157 153
Normal: -0.453214 -0.674896 0.582333
Tangent: -0.199673 -0.559816 -0.8042
UV1: 0.5 0.594455 
UV2: 0.5625 0.68844 
UV3: 0.5625 0.594455
MaterialIndex: 2

VertexIndicies: 153 157 150
Normal: -0.423315 -0.640627 -0.640626
Tangent: -1.16364e-007 0.707107 -0.707107
UV1: 0.5625 0.594455 
UV2: 0.5625 0.68844 
UV3: 0.625 0.594455
MaterialIndex: 2

VertexIndicies: 150 157 154
Normal: -0.453214 -0.674896 -0.582333
Tangent: 0.199673 0.559816 -0.8042
UV1: 0.625 0.594455 
UV2: 0.5625 0.68844 
UV3: 0.625 0.68844
MaterialIndex: 2

VertexIndicies: 139 158 138
Normal: 0.00721157 -0.999974 0
Tangent: -0.999909 -0.0072111 0.0114167
UV1: 0.34375 0.15625 
UV2: 0.5 0.15 
UV3: 0.5 0
MaterialIndex: 2

VertexIndicies: 140 158 139
Normal: -0.0174894 -0.999847 0
Tangent: -0.999798 0.0174885 -0.00991812
UV1: 0.5 0.3125 
UV2: 0.5 0.15 
UV3: 0.34375 0.15625
MaterialIndex: 2

VertexIndicies: 141 158 140
Normal: -0.0421797 -0.99911 0
Tangent: -0.998596 0.042158 -0.0320674
UV1: 0.65625 0.15625 
UV2: 0.5 0.15 
UV3: 0.5 0.3125
MaterialIndex: 2

VertexIndicies: 138 158 141
Normal: -0.0174894 -0.999847 0
Tangent: -0.999789 0.0174884 -0.0107438
UV1: 0.5 0 
UV2: 0.5 0.15 
UV3: 0.65625 0.15625
MaterialIndex: 2

VertexIndicies: 154 159 155
Normal: -1 2.02839e-007 0
Tangent: -2.02838e-007 -1 1.19297e-007
UV1: 0.5 1 
UV2: 0.5 0.8375 
UV3: 0.34375 0.84375
MaterialIndex: 2

VertexIndicies: 155 159 156
Normal: -1 2.02839e-007 0
Tangent: -2.02676e-007 -0.999198 -0.0400318
UV1: 0.34375 0.84375 
UV2: 0.5 0.8375 
UV3: 0.5 0.6875
MaterialIndex: 2

VertexIndicies: 156 159 157
Normal: -1 0 0
Tangent: 0 -1 1.28634e-007
UV1: 0.5 0.6875 
UV2: 0.5 0.8375 
UV3: 0.65625 0.84375
MaterialIndex: 2

VertexIndicies: 157 159 154
Normal: -1 0 0
Tangent: 0 -0.999198 0.0400321
UV1: 0.65625 0.84375 
UV2: 0.5 0.8375 
UV3: 0.5 1
MaterialIndex: 2

VertexIndicies: 164 165 160
Normal: 0.606502 0.0535714 -0.793276
Tangent: 0.795052 -0.0321997 0.605685
UV1: 0.375 0.406485 
UV2: 0.4375 0.406485 
UV3: 0.375 0.3125
MaterialIndex: 2

VertexIndicies: 160 165 161
Normal: 0.184835 0.187023 -0.96481
Tangent: 0.982721 -0.0254309 0.183337
UV1: 0.375 0.3125 
UV2: 0.4375 0.406485 
UV3: 0.4375 0.3125
MaterialIndex: 2

VertexIndicies: 161 165 162
Normal: 0.72165 0.133417 0.67928
Tangent: -0.686264 0.00902948 0.727296
UV1: 0.4375 0.3125 
UV2: 0.4375 0.406485 
UV3: 0.5 0.3125
MaterialIndex: 2

VertexIndicies: 162 165 166
Normal: 0.665885 0.143468 0.73213
Tangent: -0.741658 0.0209152 0.670452
UV1: 0.5 0.3125 
UV2: 0.4375 0.406485 
UV3: 0.5 0.406485
MaterialIndex: 2

VertexIndicies: 162 166 163
Normal: -0.367149 -0.0924697 0.925554
Tangent: -0.928626 -0.0207149 -0.370437
UV1: 0.5 0.3125 
UV2: 0.5 0.406485 
UV3: 0.5625 0.3125
MaterialIndex: 2

VertexIndicies: 163 166 167
Normal: -0.510414 -0.0475233 0.858615
Tangent: -0.858705 -0.0250863 -0.511856
UV1: 0.5625 0.3125 
UV2: 0.5 0.406485 
UV3: 0.5625 0.406485
MaterialIndex: 2

VertexIndicies: 167 164 163
Normal: -0.639888 -0.00118949 -0.768467
Tangent: 0.768125 0.028893 -0.639647
UV1: 0.5625 0.406485 
UV2: 0.625 0.406485 
UV3: 0.5625 0.3125
MaterialIndex: 2

VertexIndicies: 163 164 160
Normal: -0.510414 -0.0475233 -0.858614
Tangent: 0.858705 0.0250862 -0.511857
UV1: 0.5625 0.3125 
UV2: 0.625 0.406485 
UV3: 0.625 0.3125
MaterialIndex: 2

VertexIndicies: 168 169 164
Normal: 0.527496 0.512258 -0.677746
Tangent: 0.800116 -0.0313749 0.599024
UV1: 0.375 0.50047 
UV2: 0.4375 0.50047 
UV3: 0.375 0.406485
MaterialIndex: 2

VertexIndicies: 164 169 165
Normal: 0.606502 0.0535714 -0.793276
Tangent: 0.795052 -0.0321997 0.605685
UV1: 0.375 0.406485 
UV2: 0.4375 0.50047 
UV3: 0.4375 0.406485
MaterialIndex: 2

VertexIndicies: 165 169 166
Normal: 0.648993 0.0954856 0.754779
Tangent: -0.759556 0.0247445 0.649971
UV1: 0.4375 0.406485 
UV2: 0.4375 0.50047 
UV3: 0.5 0.406485
MaterialIndex: 2

VertexIndicies: 166 169 170
Normal: 0.606502 0.0535714 0.793276
Tangent: -0.795052 0.0321998 0.605685
UV1: 0.5 0.406485 
UV2: 0.4375 0.50047 
UV3: 0.5 0.50047
MaterialIndex: 2

VertexIndicies: 170 171 166
Normal: -0.312362 -0.644342 0.698035
Tangent: -0.645768 -0.394889 -0.653488
UV1: 0.5 0.50047 
UV2: 0.5625 0.50047 
UV3: 0.5 0.406485
MaterialIndex: 2

VertexIndicies: 166 171 167
Normal: -0.579792 -0.0263438 0.814339
Tangent: -0.814005 -0.0244179 -0.580344
UV1: 0.5 0.406485 
UV2: 0.5625 0.50047 
UV3: 0.5625 0.406485
MaterialIndex: 2

VertexIndicies: 167 171 164
Normal: -0.639888 -0.00118949 -0.768467
Tangent: 0.768125 0.028893 -0.639647
UV1: 0.5625 0.406485 
UV2: 0.5625 0.50047 
UV3: 0.625 0.406485
MaterialIndex: 2

VertexIndicies: 164 171 168
Normal: -0.579792 -0.0263438 -0.814338
Tangent: 0.814005 0.0244179 -0.580344
UV1: 0.625 0.406485 
UV2: 0.5625 0.50047 
UV3: 0.625 0.50047
MaterialIndex: 2

VertexIndicies: 168 172 169
Normal: 0.527496 0.512258 -0.677746
Tangent: 0.800116 -0.0313749 0.599024
UV1: 0.375 0.50047 
UV2: 0.375 0.594455 
UV3: 0.4375 0.50047
MaterialIndex: 2

VertexIndicies: 169 172 173
Normal: 0.456382 0.455166 -0.764552
Tangent: 0.757861 0.251379 0.602043
UV1: 0.4375 0.50047 
UV2: 0.375 0.594455 
UV3: 0.4375 0.594455
MaterialIndex: 2

VertexIndicies: 169 173 170
Normal: 0.603179 0.0483206 0.796141
Tangent: -0.797597 0.031787 0.602353
UV1: 0.4375 0.50047 
UV2: 0.4375 0.594455 
UV3: 0.5 0.50047
MaterialIndex: 2

VertexIndicies: 170 173 174
Normal: 0.668144 0.214167 0.712542
Tangent: -0.657523 -0.278229 0.70018
UV1: 0.5 0.50047 
UV2: 0.4375 0.594455 
UV3: 0.5 0.594455
MaterialIndex: 2

VertexIndicies: 174 175 170
Normal: -0.383063 -0.65317 0.653171
Tangent: -1.82519e-007 -0.707107 -0.707106
UV1: 0.5 0.594455 
UV2: 0.5625 0.594455 
UV3: 0.5 0.50047
MaterialIndex: 2

VertexIndicies: 170 175 171
Normal: -0.312362 -0.644342 0.698035
Tangent: -0.645768 -0.394889 -0.653488
UV1: 0.5 0.50047 
UV2: 0.5625 0.594455 
UV3: 0.5625 0.50047
MaterialIndex: 2

VertexIndicies: 175 172 171
Normal: -0.701364 -0.504027 -0.504028
Tangent: 5.3983e-007 0.707107 -0.707106
UV1: 0.5625 0.594455 
UV2: 0.625 0.594455 
UV3: 0.5625 0.50047
MaterialIndex: 2

VertexIndicies: 171 172 168
Normal: -0.704935 -0.113939 -0.70006
Tangent: 0.665151 0.236483 -0.708272
UV1: 0.5625 0.50047 
UV2: 0.625 0.594455 
UV3: 0.625 0.50047
MaterialIndex: 2

VertexIndicies: 172 176 173
Normal: 0.337785 0.747579 -0.571863
Tangent: 0.29098 0.494869 0.818801
UV1: 0.375 0.594455 
UV2: 0.375 0.68844 
UV3: 0.4375 0.594455
MaterialIndex: 2

VertexIndicies: 173 176 177
Normal: 0.431428 0.637914 -0.637915
Tangent: 1.265e-007 0.707107 0.707107
UV1: 0.4375 0.594455 
UV2: 0.375 0.68844 
UV3: 0.4375 0.68844
MaterialIndex: 2

VertexIndicies: 177 178 173
Normal: 0.588662 0.57161 0.571611
Tangent: -4.20722e-007 -0.707107 0.707107
UV1: 0.4375 0.68844 
UV2: 0.5 0.68844 
UV3: 0.4375 0.594455
MaterialIndex: 2

VertexIndicies: 173 178 174
Normal: 0.644889 0.450127 0.617661
Tangent: -0.268868 -0.622888 0.734657
UV1: 0.4375 0.594455 
UV2: 0.5 0.68844 
UV3: 0.5 0.594455
MaterialIndex: 2

VertexIndicies: 178 179 174
Normal: -0.588663 -0.57161 0.57161
Tangent: 1.77998e-007 -0.707106 -0.707107
UV1: 0.5 0.68844 
UV2: 0.5625 0.68844 
UV3: 0.5 0.594455
MaterialIndex: 2

VertexIndicies: 174 179 175
Normal: -0.383063 -0.65317 0.653171
Tangent: -1.82519e-007 -0.707107 -0.707106
UV1: 0.5 0.594455 
UV2: 0.5625 0.68844 
UV3: 0.5625 0.594455
MaterialIndex: 2

VertexIndicies: 175 179 172
Normal: -0.701364 -0.504027 -0.504028
Tangent: 5.3983e-007 0.707107 -0.707106
UV1: 0.5625 0.594455 
UV2: 0.5625 0.68844 
UV3: 0.625 0.594455
MaterialIndex: 2

VertexIndicies: 172 179 176
Normal: -0.682281 -0.409402 -0.605708
Tangent: 0.267001 0.631737 -0.727749
UV1: 0.625 0.594455 
UV2: 0.5625 0.68844 
UV3: 0.625 0.68844
MaterialIndex: 2

VertexIndicies: 161 180 160
Normal: -0.0131563 -0.999913 0
Tangent: -0.822049 0.0108161 0.569314
UV1: 0.34375 0.15625 
UV2: 0.5 0.15 
UV3: 0.5 0
MaterialIndex: 2

VertexIndicies: 162 180 161
Normal: 0.00457335 -0.99999 0
Tangent: -0.956794 -0.0043758 0.290735
UV1: 0.5 0.3125 
UV2: 0.5 0.15 
UV3: 0.34375 0.15625
MaterialIndex: 2

VertexIndicies: 163 180 162
Normal: 0.0223015 -0.999751 0
Tangent: -0.999624 -0.0222987 -0.0159759
UV1: 0.65625 0.15625 
UV2: 0.5 0.15 
UV3: 0.5 0.3125
MaterialIndex: 2

VertexIndicies: 160 180 163
Normal: 0.00457334 -0.99999 0
Tangent: -0.956859 -0.00437609 0.29052
UV1: 0.5 0 
UV2: 0.5 0.15 
UV3: 0.65625 0.15625
MaterialIndex: 2

VertexIndicies: 176 181 177
Normal: -1 0 0
Tangent: 0 -1 9.32011e-009
UV1: 0.5 1 
UV2: 0.5 0.8375 
UV3: 0.34375 0.84375
MaterialIndex: 2

VertexIndicies: 177 181 178
Normal: -1 0 0
Tangent: 0 -0.999198 -0.0400321
UV1: 0.34375 0.84375 
UV2: 0.5 0.8375 
UV3: 0.5 0.6875
MaterialIndex: 2

VertexIndicies: 178 181 179
Normal: -1 0 0
Tangent: 0 -1 -9.32131e-009
UV1: 0.5 0.6875 
UV2: 0.5 0.8375 
UV3: 0.65625 0.84375
MaterialIndex: 2

VertexIndicies: 179 181 176
Normal: -1 0 0
Tangent: 0 -0.999198 0.0400321
UV1: 0.65625 0.84375 
UV2: 0.5 0.8375 
UV3: 0.5 1
MaterialIndex: 2


